2 19 148 2939 3368 625 2842 2090 1712 3481 3030 2953 2823 3465 1608 1080 2864 2241 755 3042 2756
2 10 148 1404 95 2899 3518 1462 1648 3524 581 2489
3 18 148 3512 501 5181 1356 3114 3557 2999 2140 3580 2805 2706 1335 3622 3346 3634 113 2647
2 3 141 3643 1391
2 7 1391 194 1794 1104 1394 258 1936
2 5 1936 2806 1846 1422 2805
1 3 2805 1325 833
1 2 833 3058
1 4 3114 2791 3183 2797
2 6 2946 3833 3841 3128 2796 3321
2 14 2946 3285 5243 5244 3815 5259 5260 3310 3216 2671 2634 3802 5265 2957
2 8 3091 2709 3770 2809 2323 3797 2941 2957
2 7 2178 3261 5276 647 1642 3739 3091
2 7 2178 2487 3674 3233 2265 2406 141
2 9 2132 3738 3052 816 3734 1632 1336 3364 3091
1 3 1060 3204 2101
1 8 4114 1028 4146 394 4156 1352 4172 4177
1 2 4136 2251
1 6 4957 2839 2727 4056 4955 4954
1 5 4091 4107 426 4135 4160
1 9 102 1975 241 2072 972 2471 1667 2639 3632
1 5 1868 1696 544 3632 141
1 9 1868 2640 920 2825 2109 3624 3611 209 3603
1 8 2178 3683 1636 2338 3694 2147 2799 2425
2 8 972 3134 2071 3689 1507 3710 2879 816
2 9 816 3748 3350 2128 447 2095 3823 2141 3846
2 7 1657 3904 3899 478 219 3852 3846
1 3 148 3053 1292
2 12 148 1404 95 2899 3518 3516 3524 3540 621 1457 2188 3570
1 7 2999 747 2538 1957 3505 1974 1959
1 4 3505 1655 5179 1712
1 4 2806 1936 258 3312
2 14 2805 1325 833 3058 3612 429 1840 4795 1749 4805 4798 4799 4800 1423
2 9 1423 1284 1921 4811 3686 4818 1901 535 1320
1 4 1284 1039 4816 656
1 9 1423 4809 2153 4807 3659 4806 4790 2834 4789
1 5 4805 1749 2322 2834 4789
1 5 4789 32 4786 1241 4785
1 3 1749 84 4797
3 11 3707 1140 2924 2052 2729 1597 3085 55 2662 3719 1600
2 8 1600 3725 2373 2274 3731 602 2542 3049
2 9 3707 3702 3696 1293 3676 1932 2138 3655 765
2 7 3049 2593 2672 537 1679 1996 2247
2 16 472 4957 4956 2491 4958 2985 2301 4960 2763 2854 4963 4148 2718 2226 4965 4179
2 6 141 3632 544 2482 1908 2640
2 11 2640 3623 437 3236 856 985 2788 1113 3624 3611 3603
2 6 141 2406 2639 1667 2471 972
2 25 2141 3846 1925 2903 2125 2371 1657 3924 3948 2889 1802 3966 3975 1999 3998 2324 1918 4047 4055 4068 4081 3249 1645 4146 394
2 20 977 2005 1415 3741 3091 3364 1762 3745 3734 816 3052 3738 2132 1832 238 3200 1809 1442 316 880
2 6 1391 3643 2406 2265 2487 2178
1 6 3321 3356 2255 3870 3010 1886
1 25 3321 3356 2787 3887 3892 3893 3090 11 1319 3894 1444 2661 3380 3926 1748 2843 2197 2101 3289 1773 1516 3933 3944 2700 2889
1 4 2141 3846 1184 3853
1 6 394 4156 1352 4172 4177 2877
1 2 394 2016
1 3 2157 2815 2251
2 9 1675 1433 3381 2511 1887 2412 2615 5065 778
3 30 1940 346 693 1088 579 966 1504 302 2585 510 2606 104 2047 51 2219 1589 176 4767 76 2171 2768 173 1864 3447 26 3463 939 4768 2084 1249
2 6 1940 2007 182 3046 981 2680
1 17 3394 398 713 1861 2097 67 1644 2388 92 1843 3468 5101 1759 3523 2698 5227 832
1 11 2080 917 5172 805 5124 3348 1 1569 94 413 832
1 2 778 1163
1 3 1943 5076 838
2 7 817 4256 2784 812 789 5235 1586
1 6 817 4256 1543 114 1367 766
2 9 817 2747 2002 1294 5232 2721 465 4265 2915
1 3 817 3000 1611
2 9 2915 1968 2927 589 310 1827 803 2271 4281
2 10 1478 4171 5192 1333 5216 657 2365 13 5215 1093
1 5 1478 3020 1854 5187 1551
1 4 2677 871 814 896
1 3 2677 796 4300
2 9 4857 3912 4854 4853 449 2194 873 983 1978
2 13 4857 212 2468 1729 3974 453 1379 1765 1245 1326 183 4104 3027
2 11 4857 3912 1971 4846 1343 156 1179 3103 2021 1541 98
2 18 3027 4104 4878 1188 4110 2649 4876 170 4211 22 267 4889 893 2151 4914 866 4895 98
2 13 98 4895 866 4914 2496 1517 4901 962 2552 696 4909 2344 1571
1 19 3027 463 3150 4874 4873 326 659 4867 3333 4865 2502 60 4899 962 2552 696 4909 2344 1571
1 5 1571 2344 1616 2042 2352
1 3 1571 2990 4885
1 5 106 1870 1753 4823 4831
1 4 1451 4255 4254 2352
