1 13
1 22
2 98
1 106
1 121
2 141
2 148
1 173
1 238
1 317
1 326
2 394
1 426
1 429
1 449
1 472
1 474
1 635
1 656
1 666
1 692
1 700
1 757
1 765
1 766
1 775
1 778
2 816
1 817
1 832
1 838
1 880
1 896
1 962
1 972
1 977
1 985
1 1005
1 1039
1 1050
1 1060
1 1093
1 1119
1 1163
1 1179
1 1188
1 1216
2 1249
1 1264
1 1276
1 1284
1 1286
1 1289
1 1292
1 1307
1 1320
1 1326
1 1333
1 1374
1 1375
2 1391
2 1423
1 1434
1 1435
1 1444
1 1451
1 1478
1 1480
1 1507
1 1516
1 1521
1 1523
1 1551
1 1571
1 1586
2 1600
1 1611
1 1642
1 1644
1 1645
1 1657
1 1662
1 1667
1 1675
1 1712
1 1725
1 1748
1 1749
1 1790
1 1809
1 1811
1 1827
1 1840
1 1886
1 1901
1 1940
1 1943
1 1959
1 1975
1 1976
1 1978
1 1990
1 2016
1 2033
1 2047
1 2070
1 2080
1 2095
1 2096
1 2101
1 2125
1 2132
2 2141
1 2153
1 2157
2 2178
1 2226
1 2229
1 2247
1 2251
1 2257
1 2265
1 2301
1 2352
1 2364
1 2378
1 2412
1 2442
1 2447
1 2482
1 2487
1 2491
1 2511
1 2599
1 2609
1 2634
1 2640
2 2647
1 2671
1 2677
1 2680
1 2700
1 2713
1 2718
1 2724
1 2729
1 2763
1 2770
1 2773
1 2776
1 2779
1 2780
1 2797
2 2805
1 2806
1 2819
1 2842
1 2854
1 2877
1 2879
1 2889
1 2915
1 2917
1 2948
1 2953
2 2957
1 2961
1 2985
1 2999
2 3027
1 3049
1 3058
2 3091
1 3097
2 3114
1 3138
1 3163
1 3185
1 3194
1 3200
1 3211
1 3216
1 3217
1 3233
1 3248
1 3251
1 3261
1 3312
1 3321
1 3348
1 3350
1 3356
1 3375
1 3394
1 3465
1 3505
1 3523
1 3524
1 3556
1 3559
1 3570
1 3603
1 3624
1 3659
1 3674
1 3686
2 3707
1 3734
1 3738
1 3745
1 3748
1 3777
1 3804
1 3821
1 3840
1 3846
1 3850
1 3853
1 3892
1 3914
1 3937
1 3938
1 3966
1 3974
1 3998
1 4002
1 4009
1 4055
1 4058
1 4061
1 4072
1 4148
1 4169
1 4170
1 4177
1 4179
1 4227
2 4281
1 4286
1 4300
1 4767
1 4785
1 4786
1 4789
1 4797
1 4798
1 4800
1 4805
1 4831
2 4857
1 4885
1 4914
1 4957
1 4958
1 5089
2 5244
1 5246
